Amplicon	Country	Genotype.1	Genotype.2	Genotype.3	Genotype.4	Genotype.5	Genotype.6	Genotype.7	Genotype.8	Genotype.9	Genotype.10	Genotype.11	Genotype.12	Genotype.13	Genotype.14	Genotype.15	Genotype.16	Genotype.17	Genotype.18	Genotype.19	Genotype.20	Genotype.21	Genotype.22	Genotype.23	Genotype.24	Genotype.25	Genotype.26	Genotype.27	Genotype.28
CRT_220	Columbia	0	1	0	0	0	0	0	0	0	0	0	0	0	0	0	0	0	0	0	0	0	0	0	0	0	0	0	0
CRT_271	Columbia	1	0	0	0	0	0	0	0	0	0	0	0	0	0	0	0	0	0	0	0	0	0	0	0	0	0	0	0
CRT_326	Columbia	0	0.788732	0	0.211268	0	0	0	0	0	0	0	0	0	0	0	0	0	0	0	0	0	0	0	0	0	0	0	0
CRT_356	Columbia	0	0.746032	0.253968	0	0	0	0	0	0	0	0	0	0	0	0	0	0	0	0	0	0	0	0	0	0	0	0	0
CRT_371	Columbia	0.448819	0.291339	0.259843	0	0	0	0	0	0	0	0	0	0	0	0	0	0	0	0	0	0	0	0	0	0	0	0	0
CRT_72_74_75_76	Columbia	0	0.25641	0.74359	0	0	0	0	0	0	0	0	0	0	0	0	0	0	0	0	0	0	0	0	0	0	0	0	0
DHFR_108_164	Columbia	0.477612	0.522388	0	0	0	0	0	0	0	0	0	0	0	0	0	0	0	0	0	0	0	0	0	0	0	0	0	0
DHFR_16_51_59	Columbia	0.671642	0	0.328358	0	0	0	0	0	0	0	0	0	0	0	0	0	0	0	0	0	0	0	0	0	0	0	0	0
DHPS_436_437	Columbia	0	0	0.338235	0.661765	0	0	0	0	0	0	0	0	0	0	0	0	0	0	0	0	0	0	0	0	0	0	0	0
EXO_415	Columbia	0.126866	0.873134	0	0	0	0	0	0	0	0	0	0	0	0	0	0	0	0	0	0	0	0	0	0	0	0	0	0
MDR1_1226_1246	Columbia	0.639706	0.360294	0	0	0	0	0	0	0	0	0	0	0	0	0	0	0	0	0	0	0	0	0	0	0	0	0	0
MDR1_184	Columbia	0	1	0	0	0	0	0	0	0	0	0	0	0	0	0	0	0	0	0	0	0	0	0	0	0	0	0	0
MDR1_86	Columbia	0	1	0	0	0	0	0	0	0	0	0	0	0	0	0	0	0	0	0	0	0	0	0	0	0	0	0	0
Pf3D7_01_v3_145515_294I_A	Columbia	0.00735294	0.683824	0.301471	0.00735294	0	0	0	0	0	0	0	0	0	0	0	0	0	0	0	0	0	0	0	0	0	0	0	0
Pf3D7_01_v3_179347_311G_A	Columbia	0	0.00769231	0.992308	0	0	0	0	0	0	0	0	0	0	0	0	0	0	0	0	0	0	0	0	0	0	0	0	0
Pf3D7_01_v3_180554_D714N	Columbia	0.69403	0.30597	0	0	0	0	0	0	0	0	0	0	0	0	0	0	0	0	0	0	0	0	0	0	0	0	0	0
Pf3D7_01_v3_283144_H664D_A	Columbia	0.0592593	0.940741	0	0	0	0	0	0	0	0	0	0	0	0	0	0	0	0	0	0	0	0	0	0	0	0	0	0
Pf3D7_01_v3_535211_2521F_A	Columbia	0.00763359	0.992366	0	0	0	0	0	0	0	0	0	0	0	0	0	0	0	0	0	0	0	0	0	0	0	0	0	0
Pf3D7_02_v3_376222_K1929E_A	Columbia	0.801471	0.198529	0	0	0	0	0	0	0	0	0	0	0	0	0	0	0	0	0	0	0	0	0	0	0	0	0	0
Pf3D7_02_v3_470013_G75E_A	Columbia	0	1	0	0	0	0	0	0	0	0	0	0	0	0	0	0	0	0	0	0	0	0	0	0	0	0	0	0
Pf3D7_02_v3_529709_F487L	Columbia	0.037594	0.962406	0	0	0	0	0	0	0	0	0	0	0	0	0	0	0	0	0	0	0	0	0	0	0	0	0	0
Pf3D7_02_v3_714480_D258G	Columbia	0.65625	0.34375	0	0	0	0	0	0	0	0	0	0	0	0	0	0	0	0	0	0	0	0	0	0	0	0	0	0
Pf3D7_02_v3_839620_260L	Columbia	0.12037	0.87963	0	0	0	0	0	0	0	0	0	0	0	0	0	0	0	0	0	0	0	0	0	0	0	0	0	0
Pf3D7_03_v3_155697_150P_B	Columbia	0.30597	0.00746269	0.686567	0	0	0	0	0	0	0	0	0	0	0	0	0	0	0	0	0	0	0	0	0	0	0	0	0
Pf3D7_03_v3_548178_R2L_A	Columbia	0	1	0	0	0	0	0	0	0	0	0	0	0	0	0	0	0	0	0	0	0	0	0	0	0	0	0	0
Pf3D7_03_v3_656861_129V_A	Columbia	0	0	0	1	0	0	0	0	0	0	0	0	0	0	0	0	0	0	0	0	0	0	0	0	0	0	0	0
Pf3D7_04_v3_1037656_2776I	Columbia	0.985294	0.0147059	0	0	0	0	0	0	0	0	0	0	0	0	0	0	0	0	0	0	0	0	0	0	0	0	0	0
Pf3D7_04_v3_1102392_E808D_A	Columbia	0.427481	0.0152672	0	0	0	0.549618	0	0.00763359	0	0	0	0	0	0	0	0	0	0	0	0	0	0	0	0	0	0	0	0
Pf3D7_04_v3_110442_G285E_A	Columbia	0.661765	0.338235	0	0	0	0	0	0	0	0	0	0	0	0	0	0	0	0	0	0	0	0	0	0	0	0	0	0
Pf3D7_04_v3_139051_K438N_A	Columbia	1	0	0	0	0	0	0	0	0	0	0	0	0	0	0	0	0	0	0	0	0	0	0	0	0	0	0	0
Pf3D7_04_v3_286542_H586N	Columbia	0	0	0.00740741	0.62963	0	0	0.177778	0.00740741	0.177778	0	0	0	0	0	0	0	0	0	0	0	0	0	0	0	0	0	0	0
Pf3D7_04_v3_426436_D560A	Columbia	0.664179	0.335821	0	0	0	0	0	0	0	0	0	0	0	0	0	0	0	0	0	0	0	0	0	0	0	0	0	0
Pf3D7_04_v3_529500_1477Y_A	Columbia	0	0.0148148	0.985185	0	0	0	0	0	0	0	0	0	0	0	0	0	0	0	0	0	0	0	0	0	0	0	0	0
Pf3D7_04_v3_531138_A992E_A	Columbia	0.933824	0.0661765	0	0	0	0	0	0	0	0	0	0	0	0	0	0	0	0	0	0	0	0	0	0	0	0	0	0
Pf3D7_04_v3_648101_51V	Columbia	0.335938	0.664062	0	0	0	0	0	0	0	0	0	0	0	0	0	0	0	0	0	0	0	0	0	0	0	0	0	0
Pf3D7_04_v3_881571_1081R_A	Columbia	0.992308	0.00769231	0	0	0	0	0	0	0	0	0	0	0	0	0	0	0	0	0	0	0	0	0	0	0	0	0	0
Pf3D7_04_v3_891732_R4468S	Columbia	0	0	1	0	0	0	0	0	0	0	0	0	0	0	0	0	0	0	0	0	0	0	0	0	0	0	0	0
Pf3D7_05_v3_1204155_1338I_A	Columbia	0.292308	0.707692	0	0	0	0	0	0	0	0	0	0	0	0	0	0	0	0	0	0	0	0	0	0	0	0	0	0
Pf3D7_05_v3_172801_E218K_A	Columbia	0.422222	0.540741	0.037037	0	0	0	0	0	0	0	0	0	0	0	0	0	0	0	0	0	0	0	0	0	0	0	0	0
Pf3D7_05_v3_350933	Columbia	0	0	0	0.246269	0	0.746269	0	0.00746269	0	0	0	0	0	0	0	0	0	0	0	0	0	0	0	0	0	0	0	0
Pf3D7_05_v3_369740_907L_A	Columbia	0	0	0.385185	0.614815	0	0	0	0	0	0	0	0	0	0	0	0	0	0	0	0	0	0	0	0	0	0	0	0
Pf3D7_05_v3_796714_396K_A	Columbia	0.679104	0.0447761	0	0.276119	0	0	0	0	0	0	0	0	0	0	0	0	0	0	0	0	0	0	0	0	0	0	0	0
Pf3D7_06_v3_1282691_803K_A	Columbia	0	0.00746269	0.992537	0	0	0	0	0	0	0	0	0	0	0	0	0	0	0	0	0	0	0	0	0	0	0	0	0
Pf3D7_06_v3_1289212_125T_A	Columbia	0	1	0	0	0	0	0	0	0	0	0	0	0	0	0	0	0	0	0	0	0	0	0	0	0	0	0	0
Pf3D7_06_v3_574938_I2934L_A	Columbia	0.714286	0.285714	0	0	0	0	0	0	0	0	0	0	0	0	0	0	0	0	0	0	0	0	0	0	0	0	0	0
Pf3D7_07_v3_1044052_686K_A	Columbia	0.984733	0.0152672	0	0	0	0	0	0	0	0	0	0	0	0	0	0	0	0	0	0	0	0	0	0	0	0	0	0
Pf3D7_07_v3_1066698_G483S_A	Columbia	0	0	0.0148148	0	0.385185	0	0.6	0	0	0	0	0	0	0	0	0	0	0	0	0	0	0	0	0	0	0	0	0
Pf3D7_07_v3_1213486_S543N_A	Columbia	0.274809	0.725191	0	0	0	0	0	0	0	0	0	0	0	0	0	0	0	0	0	0	0	0	0	0	0	0	0	0
Pf3D7_07_v3_1256331_L321F_A	Columbia	0.992308	0.00769231	0	0	0	0	0	0	0	0	0	0	0	0	0	0	0	0	0	0	0	0	0	0	0	0	0	0
Pf3D7_07_v3_1308383_G1945R	Columbia	0.30597	0.69403	0	0	0	0	0	0	0	0	0	0	0	0	0	0	0	0	0	0	0	0	0	0	0	0	0	0
Pf3D7_07_v3_1358910	Columbia	0.425373	0	0	0.00746269	0.567164	0	0	0	0	0	0	0	0	0	0	0	0	0	0	0	0	0	0	0	0	0	0	0
Pf3D7_07_v3_1359218_K388N_A	Columbia	0.00746269	0.58209	0.395522	0.0149254	0	0	0	0	0	0	0	0	0	0	0	0	0	0	0	0	0	0	0	0	0	0	0	0
Pf3D7_07_v3_461139	Columbia	0.00746269	0.00746269	0.985075	0	0	0	0	0	0	0	0	0	0	0	0	0	0	0	0	0	0	0	0	0	0	0	0	0
Pf3D7_07_v3_619957_675R_A	Columbia	0	1	0	0	0	0	0	0	0	0	0	0	0	0	0	0	0	0	0	0	0	0	0	0	0	0	0	0
Pf3D7_07_v3_635985_T598A	Columbia	0.0149254	0.261194	0.723881	0	0	0	0	0	0	0	0	0	0	0	0	0	0	0	0	0	0	0	0	0	0	0	0	0
Pf3D7_07_v3_704373_389E	Columbia	0.276119	0.723881	0	0	0	0	0	0	0	0	0	0	0	0	0	0	0	0	0	0	0	0	0	0	0	0	0	0
Pf3D7_08_v3_1056829_L474I_A	Columbia	0.548872	0.037594	0.413534	0	0	0	0	0	0	0	0	0	0	0	0	0	0	0	0	0	0	0	0	0	0	0	0	0
Pf3D7_08_v3_1313202_799F_A	Columbia	0.577778	0.422222	0	0	0	0	0	0	0	0	0	0	0	0	0	0	0	0	0	0	0	0	0	0	0	0	0	0
Pf3D7_08_v3_1314831_1342K_A	Columbia	0.992537	0	0	0.00746269	0	0	0	0	0	0	0	0	0	0	0	0	0	0	0	0	0	0	0	0	0	0	0	0
Pf3D7_08_v3_150033_1315I_A	Columbia	0.684211	0.0451128	0	0.270677	0	0	0	0	0	0	0	0	0	0	0	0	0	0	0	0	0	0	0	0	0	0	0	0
Pf3D7_08_v3_339406_1283C_A	Columbia	0.470588	0.529412	0	0	0	0	0	0	0	0	0	0	0	0	0	0	0	0	0	0	0	0	0	0	0	0	0	0
Pf3D7_08_v3_399774_421K_A	Columbia	0.0895522	0.567164	0.320896	0.0223881	0	0	0	0	0	0	0	0	0	0	0	0	0	0	0	0	0	0	0	0	0	0	0	0
Pf3D7_08_v3_413067_1044V_A	Columbia	0	0	1	0	0	0	0	0	0	0	0	0	0	0	0	0	0	0	0	0	0	0	0	0	0	0	0	0
Pf3D7_08_v3_417335_R244K_A	Columbia	0.119403	0.552239	0.328358	0	0	0	0	0	0	0	0	0	0	0	0	0	0	0	0	0	0	0	0	0	0	0	0	0
Pf3D7_08_v3_549993	Columbia	0.566176	0.433824	0	0	0	0	0	0	0	0	0	0	0	0	0	0	0	0	0	0	0	0	0	0	0	0	0	0
Pf3D7_09_v3_1379145_R398Q_A	Columbia	0.350746	0	0.649254	0	0	0	0	0	0	0	0	0	0	0	0	0	0	0	0	0	0	0	0	0	0	0	0	0
Pf3D7_09_v3_163977_403D_A	Columbia	0.279412	0.720588	0	0	0	0	0	0	0	0	0	0	0	0	0	0	0	0	0	0	0	0	0	0	0	0	0	0
Pf3D7_09_v3_452690_1018I	Columbia	1	0	0	0	0	0	0	0	0	0	0	0	0	0	0	0	0	0	0	0	0	0	0	0	0	0	0	0
Pf3D7_09_v3_599655_E654D_A	Columbia	0	1	0	0	0	0	0	0	0	0	0	0	0	0	0	0	0	0	0	0	0	0	0	0	0	0	0	0
Pf3D7_09_v3_900277_1534E_A	Columbia	0.672269	0.327731	0	0	0	0	0	0	0	0	0	0	0	0	0	0	0	0	0	0	0	0	0	0	0	0	0	0
Pf3D7_10_v3_1383789_N114H	Columbia	0.0075188	0.112782	0	0.879699	0	0	0	0	0	0	0	0	0	0	0	0	0	0	0	0	0	0	0	0	0	0	0	0
Pf3D7_10_v3_1385894_815P_A	Columbia	0	1	0	0	0	0	0	0	0	0	0	0	0	0	0	0	0	0	0	0	0	0	0	0	0	0	0	0
Pf3D7_10_v3_1386850_927K_A	Columbia	0.00740741	0.866667	0.125926	0	0	0	0	0	0	0	0	0	0	0	0	0	0	0	0	0	0	0	0	0	0	0	0	0
Pf3D7_10_v3_317581_311I_A	Columbia	0.296296	0.703704	0	0	0	0	0	0	0	0	0	0	0	0	0	0	0	0	0	0	0	0	0	0	0	0	0	0
Pf3D7_10_v3_336274_I1677V_A	Columbia	0.407407	0.592593	0	0	0	0	0	0	0	0	0	0	0	0	0	0	0	0	0	0	0	0	0	0	0	0	0	0
Pf3D7_10_v3_361684	Columbia	1	0	0	0	0	0	0	0	0	0	0	0	0	0	0	0	0	0	0	0	0	0	0	0	0	0	0	0
Pf3D7_11_v3_1006911_D124E_B	Columbia	0.725	0.275	0	0	0	0	0	0	0	0	0	0	0	0	0	0	0	0	0	0	0	0	0	0	0	0	0	0
Pf3D7_11_v3_1018899_1199L_A	Columbia	0.333333	0.666667	0	0	0	0	0	0	0	0	0	0	0	0	0	0	0	0	0	0	0	0	0	0	0	0	0	0
Pf3D7_11_v3_1020397_G700E_A	Columbia	0.992647	0.00735294	0	0	0	0	0	0	0	0	0	0	0	0	0	0	0	0	0	0	0	0	0	0	0	0	0	0
Pf3D7_11_v3_1294107_84A_A	Columbia	0	0.666667	0	0.333333	0	0	0	0	0	0	0	0	0	0	0	0	0	0	0	0	0	0	0	0	0	0	0	0
Pf3D7_11_v3_1295068_E405K	Columbia	0	0	0	0.488722	0.0075188	0.120301	0	0.360902	0.0075188	0.0150376	0	0	0	0	0	0	0	0	0	0	0	0	0	0	0	0	0	0
Pf3D7_11_v3_1802201_450S	Columbia	0	0.00746269	0.992537	0	0	0	0	0	0	0	0	0	0	0	0	0	0	0	0	0	0	0	0	0	0	0	0	0
Pf3D7_11_v3_1815412_E765Q	Columbia	0.794118	0.205882	0	0	0	0	0	0	0	0	0	0	0	0	0	0	0	0	0	0	0	0	0	0	0	0	0	0
Pf3D7_11_v3_1935031_I139L	Columbia	0.00740741	0.992593	0	0	0	0	0	0	0	0	0	0	0	0	0	0	0	0	0	0	0	0	0	0	0	0	0	0
Pf3D7_11_v3_1935227_R73S_A	Columbia	0.977778	0.0222222	0	0	0	0	0	0	0	0	0	0	0	0	0	0	0	0	0	0	0	0	0	0	0	0	0	0
Pf3D7_11_v3_408668	Columbia	0	0.00757576	0.484848	0.242424	0.00757576	0.234848	0.00757576	0.0151515	0	0	0	0	0	0	0	0	0	0	0	0	0	0	0	0	0	0	0	0
Pf3D7_11_v3_477922_H147Y_A	Columbia	0.992593	0.00740741	0	0	0	0	0	0	0	0	0	0	0	0	0	0	0	0	0	0	0	0	0	0	0	0	0	0
Pf3D7_11_v3_828596_K240E_A	Columbia	0.00740741	0.992593	0	0	0	0	0	0	0	0	0	0	0	0	0	0	0	0	0	0	0	0	0	0	0	0	0	0
Pf3D7_12_v3_1663492_1014E_A	Columbia	0.552239	0.447761	0	0	0	0	0	0	0	0	0	0	0	0	0	0	0	0	0	0	0	0	0	0	0	0	0	0
Pf3D7_12_v3_1667593_2381N_A	Columbia	0.515152	0.484848	0	0	0	0	0	0	0	0	0	0	0	0	0	0	0	0	0	0	0	0	0	0	0	0	0	0
Pf3D7_12_v3_1934745_241L_A	Columbia	0.222222	0.777778	0	0	0	0	0	0	0	0	0	0	0	0	0	0	0	0	0	0	0	0	0	0	0	0	0	0
Pf3D7_12_v3_857245_E50G_A	Columbia	0.718519	0.281481	0	0	0	0	0	0	0	0	0	0	0	0	0	0	0	0	0	0	0	0	0	0	0	0	0	0
Pf3D7_12_v3_858501_Q469K	Columbia	0.985185	0.0148148	0	0	0	0	0	0	0	0	0	0	0	0	0	0	0	0	0	0	0	0	0	0	0	0	0	0
Pf3D7_12_v3_974663	Columbia	0.992593	0.00740741	0	0	0	0	0	0	0	0	0	0	0	0	0	0	0	0	0	0	0	0	0	0	0	0	0	0
Pf3D7_13_v3_1056452_1234D	Columbia	0.110294	0.889706	0	0	0	0	0	0	0	0	0	0	0	0	0	0	0	0	0	0	0	0	0	0	0	0	0	0
Pf3D7_13_v3_1233218_N277S_A	Columbia	0.264706	0.735294	0	0	0	0	0	0	0	0	0	0	0	0	0	0	0	0	0	0	0	0	0	0	0	0	0	0
Pf3D7_13_v3_1419519	Columbia	0	0	0	0.746269	0	0	0	0	0.0149254	0	0.0149254	0	0.223881	0	0	0	0	0	0	0	0	0	0	0	0	0	0	0
Pf3D7_13_v3_1466422	Columbia	0	0	0	0	0	0	0	0	0.0075188	0	0	0	0	0	0	0	0	0	0	0.992481	0	0	0	0	0	0	0	0
Pf3D7_13_v3_159086_21R	Columbia	0.992188	0.0078125	0	0	0	0	0	0	0	0	0	0	0	0	0	0	0	0	0	0	0	0	0	0	0	0	0	0
Pf3D7_13_v3_1867630_M4911I	Columbia	0.00735294	0	0	0.992647	0	0	0	0	0	0	0	0	0	0	0	0	0	0	0	0	0	0	0	0	0	0	0	0
Pf3D7_13_v3_2161975_D252V	Columbia	0.0294118	0.970588	0	0	0	0	0	0	0	0	0	0	0	0	0	0	0	0	0	0	0	0	0	0	0	0	0	0
Pf3D7_13_v3_2377887_2002S_A	Columbia	0	1	0	0	0	0	0	0	0	0	0	0	0	0	0	0	0	0	0	0	0	0	0	0	0	0	0	0
Pf3D7_13_v3_2573828_I1153M	Columbia	0.41791	0.58209	0	0	0	0	0	0	0	0	0	0	0	0	0	0	0	0	0	0	0	0	0	0	0	0	0	0
Pf3D7_13_v3_388365_S1236R	Columbia	0.126866	0.873134	0	0	0	0	0	0	0	0	0	0	0	0	0	0	0	0	0	0	0	0	0	0	0	0	0	0
Pf3D7_14_v3_107014_215K	Columbia	0	0.522727	0.469697	0.00757576	0	0	0	0	0	0	0	0	0	0	0	0	0	0	0	0	0	0	0	0	0	0	0	0
Pf3D7_14_v3_137622_1179V_A	Columbia	0.325926	0.674074	0	0	0	0	0	0	0	0	0	0	0	0	0	0	0	0	0	0	0	0	0	0	0	0	0	0
Pf3D7_14_v3_1757603_D1365G	Columbia	1	0	0	0	0	0	0	0	0	0	0	0	0	0	0	0	0	0	0	0	0	0	0	0	0	0	0	0
Pf3D7_14_v3_2164225_2830S_B	Columbia	0.977941	0.0220588	0	0	0	0	0	0	0	0	0	0	0	0	0	0	0	0	0	0	0	0	0	0	0	0	0	0
Pf3D7_14_v3_2355751_H1589Q	Columbia	0	0.0220588	0	0.977941	0	0	0	0	0	0	0	0	0	0	0	0	0	0	0	0	0	0	0	0	0	0	0	0
Pf3D7_14_v3_2625887_M238I_A	Columbia	0.992647	0.00735294	0	0	0	0	0	0	0	0	0	0	0	0	0	0	0	0	0	0	0	0	0	0	0	0	0	0
Pf3D7_14_v3_2733656_557C_A	Columbia	0.352941	0.647059	0	0	0	0	0	0	0	0	0	0	0	0	0	0	0	0	0	0	0	0	0	0	0	0	0	0
Pf3D7_14_v3_3046108_417V_A	Columbia	0	1	0	0	0	0	0	0	0	0	0	0	0	0	0	0	0	0	0	0	0	0	0	0	0	0	0	0
Pf3D7_14_v3_3126219	Columbia	0.0075188	0.0075188	0.0075188	0	0.315789	0	0.293233	0	0	0	0	0.0075188	0	0	0.353383	0.0075188	0	0	0	0	0	0	0	0	0	0	0	0
Pf3D7_14_v3_438592_N348T_A	Columbia	0.518519	0.481481	0	0	0	0	0	0	0	0	0	0	0	0	0	0	0	0	0	0	0	0	0	0	0	0	0	0
Pf_PF3D7_1447900_Pf3D7_14_v	Columbia	0.125	0.875	0	0	0	0	0	0	0	0	0	0	0	0	0	0	0	0	0	0	0	0	0	0	0	0	0	0
Pf_PF3D7_1460900-1_Pf3D7_14	Columbia	0	1	0	0	0	0	0	0	0	0	0	0	0	0	0	0	0	0	0	0	0	0	0	0	0	0	0	0
PlasIV_ref	Columbia	0.338235	0.661765	0	0	0	0	0	0	0	0	0	0	0	0	0	0	0	0	0	0	0	0	0	0	0	0	0	0
W1421_Pf3D7_14_v3_289610_T4	Columbia	0	0	0.612903	0	0	0	0	0	0	0	0	0.387097	0	0	0	0	0	0	0	0	0	0	0	0	0	0	0	0
CRT_220	FrenchGuiana	0.0542636	0.945736	0	0	0	0	0	0	0	0	0	0	0	0	0	0	0	0	0	0	0	0	0	0	0	0	0	0
CRT_271	FrenchGuiana	1	0	0	0	0	0	0	0	0	0	0	0	0	0	0	0	0	0	0	0	0	0	0	0	0	0	0	0
CRT_326	FrenchGuiana	0	0.0114943	0	0.988506	0	0	0	0	0	0	0	0	0	0	0	0	0	0	0	0	0	0	0	0	0	0	0	0
CRT_356	FrenchGuiana	0	0.0145985	0.985401	0	0	0	0	0	0	0	0	0	0	0	0	0	0	0	0	0	0	0	0	0	0	0	0	0
CRT_371	FrenchGuiana	0	0.991597	0.00840336	0	0	0	0	0	0	0	0	0	0	0	0	0	0	0	0	0	0	0	0	0	0	0	0	0
CRT_72_74_75_76	FrenchGuiana	0.0188679	0.981132	0	0	0	0	0	0	0	0	0	0	0	0	0	0	0	0	0	0	0	0	0	0	0	0	0	0
DHFR_108_164	FrenchGuiana	0.975758	0.0242424	0	0	0	0	0	0	0	0	0	0	0	0	0	0	0	0	0	0	0	0	0	0	0	0	0	0
DHFR_16_51_59	FrenchGuiana	0.012987	0.00649351	0.980519	0	0	0	0	0	0	0	0	0	0	0	0	0	0	0	0	0	0	0	0	0	0	0	0	0
DHPS_436_437	FrenchGuiana	0	0	0.00636943	0.993631	0	0	0	0	0	0	0	0	0	0	0	0	0	0	0	0	0	0	0	0	0	0	0	0
EXO_415	FrenchGuiana	0	1	0	0	0	0	0	0	0	0	0	0	0	0	0	0	0	0	0	0	0	0	0	0	0	0	0	0
MDR1_1226_1246	FrenchGuiana	0.0704225	0.929577	0	0	0	0	0	0	0	0	0	0	0	0	0	0	0	0	0	0	0	0	0	0	0	0	0	0
MDR1_184	FrenchGuiana	0.0189873	0.981013	0	0	0	0	0	0	0	0	0	0	0	0	0	0	0	0	0	0	0	0	0	0	0	0	0	0
MDR1_86	FrenchGuiana	0	0.991453	0.00854701	0	0	0	0	0	0	0	0	0	0	0	0	0	0	0	0	0	0	0	0	0	0	0	0	0
Pf3D7_01_v3_145515_294I_A	FrenchGuiana	0	0.421053	0.557895	0.0210526	0	0	0	0	0	0	0	0	0	0	0	0	0	0	0	0	0	0	0	0	0	0	0	0
Pf3D7_01_v3_179347_311G_A	FrenchGuiana	0	0.697183	0.288732	0.0140845	0	0	0	0	0	0	0	0	0	0	0	0	0	0	0	0	0	0	0	0	0	0	0	0
Pf3D7_01_v3_180554_D714N	FrenchGuiana	0.0149254	0.985075	0	0	0	0	0	0	0	0	0	0	0	0	0	0	0	0	0	0	0	0	0	0	0	0	0	0
Pf3D7_01_v3_283144_H664D_A	FrenchGuiana	0.97561	0.0243902	0	0	0	0	0	0	0	0	0	0	0	0	0	0	0	0	0	0	0	0	0	0	0	0	0	0
Pf3D7_01_v3_535211_2521F_A	FrenchGuiana	0.118182	0.881818	0	0	0	0	0	0	0	0	0	0	0	0	0	0	0	0	0	0	0	0	0	0	0	0	0	0
Pf3D7_02_v3_376222_K1929E_A	FrenchGuiana	0.481481	0.518519	0	0	0	0	0	0	0	0	0	0	0	0	0	0	0	0	0	0	0	0	0	0	0	0	0	0
Pf3D7_02_v3_470013_G75E_A	FrenchGuiana	0.256944	0.743056	0	0	0	0	0	0	0	0	0	0	0	0	0	0	0	0	0	0	0	0	0	0	0	0	0	0
Pf3D7_02_v3_529709_F487L	FrenchGuiana	0	1	0	0	0	0	0	0	0	0	0	0	0	0	0	0	0	0	0	0	0	0	0	0	0	0	0	0
Pf3D7_02_v3_714480_D258G	FrenchGuiana	0.00609756	0.993902	0	0	0	0	0	0	0	0	0	0	0	0	0	0	0	0	0	0	0	0	0	0	0	0	0	0
Pf3D7_02_v3_839620_260L	FrenchGuiana	0.255319	0.744681	0	0	0	0	0	0	0	0	0	0	0	0	0	0	0	0	0	0	0	0	0	0	0	0	0	0
Pf3D7_03_v3_155697_150P_B	FrenchGuiana	0.92053	0	0.0794702	0	0	0	0	0	0	0	0	0	0	0	0	0	0	0	0	0	0	0	0	0	0	0	0	0
Pf3D7_03_v3_548178_R2L_A	FrenchGuiana	0.390977	0.609023	0	0	0	0	0	0	0	0	0	0	0	0	0	0	0	0	0	0	0	0	0	0	0	0	0	0
Pf3D7_03_v3_656861_129V_A	FrenchGuiana	0.0252101	0	0.00840336	0.966387	0	0	0	0	0	0	0	0	0	0	0	0	0	0	0	0	0	0	0	0	0	0	0	0
Pf3D7_04_v3_1037656_2776I	FrenchGuiana	0.333333	0.666667	0	0	0	0	0	0	0	0	0	0	0	0	0	0	0	0	0	0	0	0	0	0	0	0	0	0
Pf3D7_04_v3_1102392_E808D_A	FrenchGuiana	0.559322	0.0169492	0	0.194915	0.228814	0	0	0	0	0	0	0	0	0	0	0	0	0	0	0	0	0	0	0	0	0	0	0
Pf3D7_04_v3_110442_G285E_A	FrenchGuiana	0.37013	0.62987	0	0	0	0	0	0	0	0	0	0	0	0	0	0	0	0	0	0	0	0	0	0	0	0	0	0
Pf3D7_04_v3_139051_K438N_A	FrenchGuiana	0.752137	0.247863	0	0	0	0	0	0	0	0	0	0	0	0	0	0	0	0	0	0	0	0	0	0	0	0	0	0
Pf3D7_04_v3_286542_H586N	FrenchGuiana	0	0	0	0.323741	0.676259	0	0	0	0	0	0	0	0	0	0	0	0	0	0	0	0	0	0	0	0	0	0	0
Pf3D7_04_v3_426436_D560A	FrenchGuiana	1	0	0	0	0	0	0	0	0	0	0	0	0	0	0	0	0	0	0	0	0	0	0	0	0	0	0	0
Pf3D7_04_v3_529500_1477Y_A	FrenchGuiana	0	0.00724638	0.992754	0	0	0	0	0	0	0	0	0	0	0	0	0	0	0	0	0	0	0	0	0	0	0	0	0
Pf3D7_04_v3_531138_A992E_A	FrenchGuiana	0.598639	0.401361	0	0	0	0	0	0	0	0	0	0	0	0	0	0	0	0	0	0	0	0	0	0	0	0	0	0
Pf3D7_04_v3_648101_51V	FrenchGuiana	0.133758	0.866242	0	0	0	0	0	0	0	0	0	0	0	0	0	0	0	0	0	0	0	0	0	0	0	0	0	0
Pf3D7_04_v3_881571_1081R_A	FrenchGuiana	0.983607	0.0163934	0	0	0	0	0	0	0	0	0	0	0	0	0	0	0	0	0	0	0	0	0	0	0	0	0	0
Pf3D7_04_v3_891732_R4468S	FrenchGuiana	0	0	1	0	0	0	0	0	0	0	0	0	0	0	0	0	0	0	0	0	0	0	0	0	0	0	0	0
Pf3D7_05_v3_1204155_1338I_A	FrenchGuiana	0.345324	0.654676	0	0	0	0	0	0	0	0	0	0	0	0	0	0	0	0	0	0	0	0	0	0	0	0	0	0
Pf3D7_05_v3_172801_E218K_A	FrenchGuiana	0	0.634483	0.365517	0	0	0	0	0	0	0	0	0	0	0	0	0	0	0	0	0	0	0	0	0	0	0	0	0
Pf3D7_05_v3_350933	FrenchGuiana	0.0934579	0.0654206	0	0.0654206	0	0.0934579	0.224299	0.457944	0	0	0	0	0	0	0	0	0	0	0	0	0	0	0	0	0	0	0	0
Pf3D7_05_v3_369740_907L_A	FrenchGuiana	0.0679612	0	0.00970874	0.92233	0	0	0	0	0	0	0	0	0	0	0	0	0	0	0	0	0	0	0	0	0	0	0	0
Pf3D7_05_v3_796714_396K_A	FrenchGuiana	0	0.964602	0	0.0353982	0	0	0	0	0	0	0	0	0	0	0	0	0	0	0	0	0	0	0	0	0	0	0	0
Pf3D7_06_v3_1282691_803K_A	FrenchGuiana	0	0.391304	0.0782609	0.530435	0	0	0	0	0	0	0	0	0	0	0	0	0	0	0	0	0	0	0	0	0	0	0	0
Pf3D7_06_v3_1289212_125T_A	FrenchGuiana	0	1	0	0	0	0	0	0	0	0	0	0	0	0	0	0	0	0	0	0	0	0	0	0	0	0	0	0
Pf3D7_06_v3_574938_I2934L_A	FrenchGuiana	0.0277778	0.972222	0	0	0	0	0	0	0	0	0	0	0	0	0	0	0	0	0	0	0	0	0	0	0	0	0	0
Pf3D7_07_v3_1044052_686K_A	FrenchGuiana	0.0289855	0.971014	0	0	0	0	0	0	0	0	0	0	0	0	0	0	0	0	0	0	0	0	0	0	0	0	0	0
Pf3D7_07_v3_1066698_G483S_A	FrenchGuiana	0	0	0.319328	0	0.672269	0	0.00840336	0	0	0	0	0	0	0	0	0	0	0	0	0	0	0	0	0	0	0	0	0
Pf3D7_07_v3_1213486_S543N_A	FrenchGuiana	0	1	0	0	0	0	0	0	0	0	0	0	0	0	0	0	0	0	0	0	0	0	0	0	0	0	0	0
Pf3D7_07_v3_1256331_L321F_A	FrenchGuiana	0.675497	0.324503	0	0	0	0	0	0	0	0	0	0	0	0	0	0	0	0	0	0	0	0	0	0	0	0	0	0
Pf3D7_07_v3_1308383_G1945R	FrenchGuiana	0.398496	0.586466	0.0075188	0.0075188	0	0	0	0	0	0	0	0	0	0	0	0	0	0	0	0	0	0	0	0	0	0	0	0
Pf3D7_07_v3_1358910	FrenchGuiana	0.841727	0	0.00719424	0.136691	0.0143885	0	0	0	0	0	0	0	0	0	0	0	0	0	0	0	0	0	0	0	0	0	0	0
Pf3D7_07_v3_1359218_K388N_A	FrenchGuiana	0.215385	0.769231	0	0.0153846	0	0	0	0	0	0	0	0	0	0	0	0	0	0	0	0	0	0	0	0	0	0	0	0
Pf3D7_07_v3_461139	FrenchGuiana	0	1	0	0	0	0	0	0	0	0	0	0	0	0	0	0	0	0	0	0	0	0	0	0	0	0	0	0
Pf3D7_07_v3_619957_675R_A	FrenchGuiana	0.123529	0.876471	0	0	0	0	0	0	0	0	0	0	0	0	0	0	0	0	0	0	0	0	0	0	0	0	0	0
Pf3D7_07_v3_635985_T598A	FrenchGuiana	0.00813008	0.00813008	0.98374	0	0	0	0	0	0	0	0	0	0	0	0	0	0	0	0	0	0	0	0	0	0	0	0	0
Pf3D7_07_v3_704373_389E	FrenchGuiana	0.174157	0.825843	0	0	0	0	0	0	0	0	0	0	0	0	0	0	0	0	0	0	0	0	0	0	0	0	0	0
Pf3D7_08_v3_1056829_L474I_A	FrenchGuiana	0.00763359	0.992366	0	0	0	0	0	0	0	0	0	0	0	0	0	0	0	0	0	0	0	0	0	0	0	0	0	0
Pf3D7_08_v3_1313202_799F_A	FrenchGuiana	0.326667	0.673333	0	0	0	0	0	0	0	0	0	0	0	0	0	0	0	0	0	0	0	0	0	0	0	0	0	0
Pf3D7_08_v3_1314831_1342K_A	FrenchGuiana	0.981132	0	0.0188679	0	0	0	0	0	0	0	0	0	0	0	0	0	0	0	0	0	0	0	0	0	0	0	0	0
Pf3D7_08_v3_150033_1315I_A	FrenchGuiana	0.0218978	0.080292	0.00729927	0.890511	0	0	0	0	0	0	0	0	0	0	0	0	0	0	0	0	0	0	0	0	0	0	0	0
Pf3D7_08_v3_339406_1283C_A	FrenchGuiana	0.387879	0.612121	0	0	0	0	0	0	0	0	0	0	0	0	0	0	0	0	0	0	0	0	0	0	0	0	0	0
Pf3D7_08_v3_399774_421K_A	FrenchGuiana	0	0.168421	0.821053	0.0105263	0	0	0	0	0	0	0	0	0	0	0	0	0	0	0	0	0	0	0	0	0	0	0	0
Pf3D7_08_v3_413067_1044V_A	FrenchGuiana	0	0.0212766	0.836879	0.141844	0	0	0	0	0	0	0	0	0	0	0	0	0	0	0	0	0	0	0	0	0	0	0	0
Pf3D7_08_v3_417335_R244K_A	FrenchGuiana	0.351724	0.648276	0	0	0	0	0	0	0	0	0	0	0	0	0	0	0	0	0	0	0	0	0	0	0	0	0	0
Pf3D7_08_v3_549993	FrenchGuiana	0.0708661	0	0.929134	0	0	0	0	0	0	0	0	0	0	0	0	0	0	0	0	0	0	0	0	0	0	0	0	0
Pf3D7_09_v3_1379145_R398Q_A	FrenchGuiana	0	0	0.982906	0.017094	0	0	0	0	0	0	0	0	0	0	0	0	0	0	0	0	0	0	0	0	0	0	0	0
Pf3D7_09_v3_163977_403D_A	FrenchGuiana	0.52027	0.47973	0	0	0	0	0	0	0	0	0	0	0	0	0	0	0	0	0	0	0	0	0	0	0	0	0	0
Pf3D7_09_v3_452690_1018I	FrenchGuiana	1	0	0	0	0	0	0	0	0	0	0	0	0	0	0	0	0	0	0	0	0	0	0	0	0	0	0	0
Pf3D7_09_v3_599655_E654D_A	FrenchGuiana	0.211009	0.788991	0	0	0	0	0	0	0	0	0	0	0	0	0	0	0	0	0	0	0	0	0	0	0	0	0	0
Pf3D7_09_v3_900277_1534E_A	FrenchGuiana	1	0	0	0	0	0	0	0	0	0	0	0	0	0	0	0	0	0	0	0	0	0	0	0	0	0	0	0
Pf3D7_10_v3_1383789_N114H	FrenchGuiana	0.617391	0.00869565	0	0.373913	0	0	0	0	0	0	0	0	0	0	0	0	0	0	0	0	0	0	0	0	0	0	0	0
Pf3D7_10_v3_1385894_815P_A	FrenchGuiana	0.0198675	0.980132	0	0	0	0	0	0	0	0	0	0	0	0	0	0	0	0	0	0	0	0	0	0	0	0	0	0
Pf3D7_10_v3_1386850_927K_A	FrenchGuiana	0	0.860927	0.139073	0	0	0	0	0	0	0	0	0	0	0	0	0	0	0	0	0	0	0	0	0	0	0	0	0
Pf3D7_10_v3_317581_311I_A	FrenchGuiana	0.204545	0.795455	0	0	0	0	0	0	0	0	0	0	0	0	0	0	0	0	0	0	0	0	0	0	0	0	0	0
Pf3D7_10_v3_336274_I1677V_A	FrenchGuiana	0.175182	0.824818	0	0	0	0	0	0	0	0	0	0	0	0	0	0	0	0	0	0	0	0	0	0	0	0	0	0
Pf3D7_10_v3_361684	FrenchGuiana	1	0	0	0	0	0	0	0	0	0	0	0	0	0	0	0	0	0	0	0	0	0	0	0	0	0	0	0
Pf3D7_11_v3_1006911_D124E_B	FrenchGuiana	0.986486	0.0135135	0	0	0	0	0	0	0	0	0	0	0	0	0	0	0	0	0	0	0	0	0	0	0	0	0	0
Pf3D7_11_v3_1018899_1199L_A	FrenchGuiana	0.590643	0.409357	0	0	0	0	0	0	0	0	0	0	0	0	0	0	0	0	0	0	0	0	0	0	0	0	0	0
Pf3D7_11_v3_1020397_G700E_A	FrenchGuiana	0.993007	0.00699301	0	0	0	0	0	0	0	0	0	0	0	0	0	0	0	0	0	0	0	0	0	0	0	0	0	0
Pf3D7_11_v3_1294107_84A_A	FrenchGuiana	0	0.993671	0	0.00632911	0	0	0	0	0	0	0	0	0	0	0	0	0	0	0	0	0	0	0	0	0	0	0	0
Pf3D7_11_v3_1295068_E405K	FrenchGuiana	0	0	0	0.0142857	0	0.0214286	0	0.35	0	0.00714286	0.00714286	0	0.00714286	0.585714	0.00714286	0	0	0	0	0	0	0	0	0	0	0	0	0
Pf3D7_11_v3_1802201_450S	FrenchGuiana	0.0869565	0.161491	0.751553	0	0	0	0	0	0	0	0	0	0	0	0	0	0	0	0	0	0	0	0	0	0	0	0	0
Pf3D7_11_v3_1815412_E765Q	FrenchGuiana	0.0223881	0.977612	0	0	0	0	0	0	0	0	0	0	0	0	0	0	0	0	0	0	0	0	0	0	0	0	0	0
Pf3D7_11_v3_1935031_I139L	FrenchGuiana	0.425676	0.574324	0	0	0	0	0	0	0	0	0	0	0	0	0	0	0	0	0	0	0	0	0	0	0	0	0	0
Pf3D7_11_v3_1935227_R73S_A	FrenchGuiana	0.452229	0.547771	0	0	0	0	0	0	0	0	0	0	0	0	0	0	0	0	0	0	0	0	0	0	0	0	0	0
Pf3D7_11_v3_408668	FrenchGuiana	0	0	0.3125	0.00892857	0	0	0	0.678571	0	0	0	0	0	0	0	0	0	0	0	0	0	0	0	0	0	0	0	0
Pf3D7_11_v3_477922_H147Y_A	FrenchGuiana	0.0892857	0.910714	0	0	0	0	0	0	0	0	0	0	0	0	0	0	0	0	0	0	0	0	0	0	0	0	0	0
Pf3D7_11_v3_828596_K240E_A	FrenchGuiana	0.0143885	0.985612	0	0	0	0	0	0	0	0	0	0	0	0	0	0	0	0	0	0	0	0	0	0	0	0	0	0
Pf3D7_12_v3_1663492_1014E_A	FrenchGuiana	0.713115	0.286885	0	0	0	0	0	0	0	0	0	0	0	0	0	0	0	0	0	0	0	0	0	0	0	0	0	0
Pf3D7_12_v3_1667593_2381N_A	FrenchGuiana	0.690909	0.309091	0	0	0	0	0	0	0	0	0	0	0	0	0	0	0	0	0	0	0	0	0	0	0	0	0	0
Pf3D7_12_v3_1934745_241L_A	FrenchGuiana	0.992806	0.00719424	0	0	0	0	0	0	0	0	0	0	0	0	0	0	0	0	0	0	0	0	0	0	0	0	0	0
Pf3D7_12_v3_857245_E50G_A	FrenchGuiana	0.981928	0.0180723	0	0	0	0	0	0	0	0	0	0	0	0	0	0	0	0	0	0	0	0	0	0	0	0	0	0
Pf3D7_12_v3_858501_Q469K	FrenchGuiana	0.00546448	0.994536	0	0	0	0	0	0	0	0	0	0	0	0	0	0	0	0	0	0	0	0	0	0	0	0	0	0
Pf3D7_12_v3_974663	FrenchGuiana	0.088	0.912	0	0	0	0	0	0	0	0	0	0	0	0	0	0	0	0	0	0	0	0	0	0	0	0	0	0
Pf3D7_13_v3_1056452_1234D	FrenchGuiana	0.0140845	0.985915	0	0	0	0	0	0	0	0	0	0	0	0	0	0	0	0	0	0	0	0	0	0	0	0	0	0
Pf3D7_13_v3_1233218_N277S_A	FrenchGuiana	0.25625	0.74375	0	0	0	0	0	0	0	0	0	0	0	0	0	0	0	0	0	0	0	0	0	0	0	0	0	0
Pf3D7_13_v3_1419519	FrenchGuiana	0	0	0	0.269231	0	0	0.105769	0	0	0	0.625	0	0	0	0	0	0	0	0	0	0	0	0	0	0	0	0	0
Pf3D7_13_v3_1466422	FrenchGuiana	0	0	0	0	0	0.00775194	0.0155039	0.00775194	0.790698	0.0542636	0	0	0	0	0	0	0	0.00775194	0	0.108527	0	0	0	0	0	0	0	0.00775194
Pf3D7_13_v3_159086_21R	FrenchGuiana	0.576642	0.423358	0	0	0	0	0	0	0	0	0	0	0	0	0	0	0	0	0	0	0	0	0	0	0	0	0	0
Pf3D7_13_v3_1867630_M4911I	FrenchGuiana	0.325397	0	0.00793651	0.666667	0	0	0	0	0	0	0	0	0	0	0	0	0	0	0	0	0	0	0	0	0	0	0	0
Pf3D7_13_v3_2161975_D252V	FrenchGuiana	0.517007	0.482993	0	0	0	0	0	0	0	0	0	0	0	0	0	0	0	0	0	0	0	0	0	0	0	0	0	0
Pf3D7_13_v3_2377887_2002S_A	FrenchGuiana	0.00657895	0.993421	0	0	0	0	0	0	0	0	0	0	0	0	0	0	0	0	0	0	0	0	0	0	0	0	0	0
Pf3D7_13_v3_2573828_I1153M	FrenchGuiana	0.598425	0.401575	0	0	0	0	0	0	0	0	0	0	0	0	0	0	0	0	0	0	0	0	0	0	0	0	0	0
Pf3D7_13_v3_388365_S1236R	FrenchGuiana	0.016	0.832	0.152	0	0	0	0	0	0	0	0	0	0	0	0	0	0	0	0	0	0	0	0	0	0	0	0	0
Pf3D7_14_v3_107014_215K	FrenchGuiana	0	0.0442478	0.920354	0.0353982	0	0	0	0	0	0	0	0	0	0	0	0	0	0	0	0	0	0	0	0	0	0	0	0
Pf3D7_14_v3_137622_1179V_A	FrenchGuiana	0.108333	0.891667	0	0	0	0	0	0	0	0	0	0	0	0	0	0	0	0	0	0	0	0	0	0	0	0	0	0
Pf3D7_14_v3_1757603_D1365G	FrenchGuiana	0.741007	0.258993	0	0	0	0	0	0	0	0	0	0	0	0	0	0	0	0	0	0	0	0	0	0	0	0	0	0
Pf3D7_14_v3_2164225_2830S_B	FrenchGuiana	0.0426829	0.957317	0	0	0	0	0	0	0	0	0	0	0	0	0	0	0	0	0	0	0	0	0	0	0	0	0	0
Pf3D7_14_v3_2355751_H1589Q	FrenchGuiana	0	0.698276	0.293103	0.00862069	0	0	0	0	0	0	0	0	0	0	0	0	0	0	0	0	0	0	0	0	0	0	0	0
Pf3D7_14_v3_2625887_M238I_A	FrenchGuiana	0.24026	0.75974	0	0	0	0	0	0	0	0	0	0	0	0	0	0	0	0	0	0	0	0	0	0	0	0	0	0
Pf3D7_14_v3_2733656_557C_A	FrenchGuiana	0.993506	0.00649351	0	0	0	0	0	0	0	0	0	0	0	0	0	0	0	0	0	0	0	0	0	0	0	0	0	0
Pf3D7_14_v3_3046108_417V_A	FrenchGuiana	0.0189873	0.981013	0	0	0	0	0	0	0	0	0	0	0	0	0	0	0	0	0	0	0	0	0	0	0	0	0	0
Pf3D7_14_v3_3126219	FrenchGuiana	0	0	0	0	0	0	0	0	0	0	0	0	0.428571	0	0	0.571429	0	0	0	0	0	0	0	0	0	0	0	0
Pf3D7_14_v3_438592_N348T_A	FrenchGuiana	0.993902	0.00609756	0	0	0	0	0	0	0	0	0	0	0	0	0	0	0	0	0	0	0	0	0	0	0	0	0	0
Pf_PF3D7_1447900_Pf3D7_14_v	FrenchGuiana	0.923611	0.0763889	0	0	0	0	0	0	0	0	0	0	0	0	0	0	0	0	0	0	0	0	0	0	0	0	0	0
Pf_PF3D7_1460900-1_Pf3D7_14	FrenchGuiana	0	1	0	0	0	0	0	0	0	0	0	0	0	0	0	0	0	0	0	0	0	0	0	0	0	0	0	0
PlasIV_ref	FrenchGuiana	0.29375	0.70625	0	0	0	0	0	0	0	0	0	0	0	0	0	0	0	0	0	0	0	0	0	0	0	0	0	0
W1421_Pf3D7_14_v3_289610_T4	FrenchGuiana	0	0	0	0	0	0	0	0	0.872093	0	0.127907	0	0	0	0	0	0	0	0	0	0	0	0	0	0	0	0	0
CRT_220	Senegal	0.701754	0.298246	0	0	0	0	0	0	0	0	0	0	0	0	0	0	0	0	0	0	0	0	0	0	0	0	0	0
CRT_271	Senegal	0.580952	0.419048	0	0	0	0	0	0	0	0	0	0	0	0	0	0	0	0	0	0	0	0	0	0	0	0	0	0
CRT_326	Senegal	0.0625	0.875	0.0625	0	0	0	0	0	0	0	0	0	0	0	0	0	0	0	0	0	0	0	0	0	0	0	0	0
CRT_356	Senegal	0.154639	0.845361	0	0	0	0	0	0	0	0	0	0	0	0	0	0	0	0	0	0	0	0	0	0	0	0	0	0
CRT_371	Senegal	0	0.571429	0.428571	0	0	0	0	0	0	0	0	0	0	0	0	0	0	0	0	0	0	0	0	0	0	0	0	0
CRT_72_74_75_76	Senegal	1	0	0	0	0	0	0	0	0	0	0	0	0	0	0	0	0	0	0	0	0	0	0	0	0	0	0	0
DHFR_108_164	Senegal	0.8125	0.1875	0	0	0	0	0	0	0	0	0	0	0	0	0	0	0	0	0	0	0	0	0	0	0	0	0	0
DHFR_16_51_59	Senegal	0.214286	0.785714	0	0	0	0	0	0	0	0	0	0	0	0	0	0	0	0	0	0	0	0	0	0	0	0	0	0
DHPS_436_437	Senegal	0.232143	0.00892857	0.285714	0.473214	0	0	0	0	0	0	0	0	0	0	0	0	0	0	0	0	0	0	0	0	0	0	0	0
EXO_415	Senegal	0.00892857	0.991071	0	0	0	0	0	0	0	0	0	0	0	0	0	0	0	0	0	0	0	0	0	0	0	0	0	0
MDR1_1226_1246	Senegal	1	0	0	0	0	0	0	0	0	0	0	0	0	0	0	0	0	0	0	0	0	0	0	0	0	0	0	0
MDR1_184	Senegal	0.357143	0.642857	0	0	0	0	0	0	0	0	0	0	0	0	0	0	0	0	0	0	0	0	0	0	0	0	0	0
MDR1_86	Senegal	0.0625	0.821429	0.116071	0	0	0	0	0	0	0	0	0	0	0	0	0	0	0	0	0	0	0	0	0	0	0	0	0
Pf3D7_01_v3_145515_294I_A	Senegal	0.196429	0.0446429	0.517857	0.241071	0	0	0	0	0	0	0	0	0	0	0	0	0	0	0	0	0	0	0	0	0	0	0	0
Pf3D7_01_v3_179347_311G_A	Senegal	0.00892857	0	0.919643	0.0714286	0	0	0	0	0	0	0	0	0	0	0	0	0	0	0	0	0	0	0	0	0	0	0	0
Pf3D7_01_v3_180554_D714N	Senegal	0.169643	0.830357	0	0	0	0	0	0	0	0	0	0	0	0	0	0	0	0	0	0	0	0	0	0	0	0	0	0
Pf3D7_01_v3_283144_H664D_A	Senegal	0.339623	0.660377	0	0	0	0	0	0	0	0	0	0	0	0	0	0	0	0	0	0	0	0	0	0	0	0	0	0
Pf3D7_01_v3_535211_2521F_A	Senegal	0.160714	0.839286	0	0	0	0	0	0	0	0	0	0	0	0	0	0	0	0	0	0	0	0	0	0	0	0	0	0
Pf3D7_02_v3_376222_K1929E_A	Senegal	0.339286	0.660714	0	0	0	0	0	0	0	0	0	0	0	0	0	0	0	0	0	0	0	0	0	0	0	0	0	0
Pf3D7_02_v3_470013_G75E_A	Senegal	0.401786	0.598214	0	0	0	0	0	0	0	0	0	0	0	0	0	0	0	0	0	0	0	0	0	0	0	0	0	0
Pf3D7_02_v3_529709_F487L	Senegal	0.223214	0.776786	0	0	0	0	0	0	0	0	0	0	0	0	0	0	0	0	0	0	0	0	0	0	0	0	0	0
Pf3D7_02_v3_714480_D258G	Senegal	0.223214	0.776786	0	0	0	0	0	0	0	0	0	0	0	0	0	0	0	0	0	0	0	0	0	0	0	0	0	0
Pf3D7_02_v3_839620_260L	Senegal	0.468468	0.531532	0	0	0	0	0	0	0	0	0	0	0	0	0	0	0	0	0	0	0	0	0	0	0	0	0	0
Pf3D7_03_v3_155697_150P_B	Senegal	1	0	0	0	0	0	0	0	0	0	0	0	0	0	0	0	0	0	0	0	0	0	0	0	0	0	0	0
Pf3D7_03_v3_548178_R2L_A	Senegal	0.160714	0.839286	0	0	0	0	0	0	0	0	0	0	0	0	0	0	0	0	0	0	0	0	0	0	0	0	0	0
Pf3D7_03_v3_656861_129V_A	Senegal	0.0535714	0.00892857	0	0.9375	0	0	0	0	0	0	0	0	0	0	0	0	0	0	0	0	0	0	0	0	0	0	0	0
Pf3D7_04_v3_1037656_2776I	Senegal	0.633929	0.366071	0	0	0	0	0	0	0	0	0	0	0	0	0	0	0	0	0	0	0	0	0	0	0	0	0	0
Pf3D7_04_v3_1102392_E808D_A	Senegal	0.258929	0.303571	0.0625	0.160714	0.0446429	0.0267857	0.00892857	0.133929	0	0	0	0	0	0	0	0	0	0	0	0	0	0	0	0	0	0	0	0
Pf3D7_04_v3_110442_G285E_A	Senegal	0.553571	0.446429	0	0	0	0	0	0	0	0	0	0	0	0	0	0	0	0	0	0	0	0	0	0	0	0	0	0
Pf3D7_04_v3_139051_K438N_A	Senegal	0.770833	0.229167	0	0	0	0	0	0	0	0	0	0	0	0	0	0	0	0	0	0	0	0	0	0	0	0	0	0
Pf3D7_04_v3_286542_H586N	Senegal	0.00892857	0.00892857	0.0178571	0.598214	0.0982143	0.0178571	0	0.205357	0.0446429	0	0	0	0	0	0	0	0	0	0	0	0	0	0	0	0	0	0	0
Pf3D7_04_v3_426436_D560A	Senegal	0.901786	0.0982143	0	0	0	0	0	0	0	0	0	0	0	0	0	0	0	0	0	0	0	0	0	0	0	0	0	0
Pf3D7_04_v3_529500_1477Y_A	Senegal	0.107143	0.633929	0.258929	0	0	0	0	0	0	0	0	0	0	0	0	0	0	0	0	0	0	0	0	0	0	0	0	0
Pf3D7_04_v3_531138_A992E_A	Senegal	0.294643	0.705357	0	0	0	0	0	0	0	0	0	0	0	0	0	0	0	0	0	0	0	0	0	0	0	0	0	0
Pf3D7_04_v3_648101_51V	Senegal	0.435185	0.564815	0	0	0	0	0	0	0	0	0	0	0	0	0	0	0	0	0	0	0	0	0	0	0	0	0	0
Pf3D7_04_v3_881571_1081R_A	Senegal	0.455357	0.544643	0	0	0	0	0	0	0	0	0	0	0	0	0	0	0	0	0	0	0	0	0	0	0	0	0	0
Pf3D7_04_v3_891732_R4468S	Senegal	0.00892857	0.0982143	0.892857	0	0	0	0	0	0	0	0	0	0	0	0	0	0	0	0	0	0	0	0	0	0	0	0	0
Pf3D7_05_v3_1204155_1338I_A	Senegal	0.589286	0.410714	0	0	0	0	0	0	0	0	0	0	0	0	0	0	0	0	0	0	0	0	0	0	0	0	0	0
Pf3D7_05_v3_172801_E218K_A	Senegal	0	0.883929	0.116071	0	0	0	0	0	0	0	0	0	0	0	0	0	0	0	0	0	0	0	0	0	0	0	0	0
Pf3D7_05_v3_350933	Senegal	0.0357143	0.0803571	0.0178571	0.0625	0.0803571	0.4375	0.0267857	0.258929	0	0	0	0	0	0	0	0	0	0	0	0	0	0	0	0	0	0	0	0
Pf3D7_05_v3_369740_907L_A	Senegal	0.0892857	0.178571	0.142857	0.589286	0	0	0	0	0	0	0	0	0	0	0	0	0	0	0	0	0	0	0	0	0	0	0	0
Pf3D7_05_v3_796714_396K_A	Senegal	0.178571	0.473214	0.0267857	0.321429	0	0	0	0	0	0	0	0	0	0	0	0	0	0	0	0	0	0	0	0	0	0	0	0
Pf3D7_06_v3_1282691_803K_A	Senegal	0.0535714	0.633929	0.232143	0.0803571	0	0	0	0	0	0	0	0	0	0	0	0	0	0	0	0	0	0	0	0	0	0	0	0
Pf3D7_06_v3_1289212_125T_A	Senegal	0.0595238	0.416667	0.5	0.0238095	0	0	0	0	0	0	0	0	0	0	0	0	0	0	0	0	0	0	0	0	0	0	0	0
Pf3D7_06_v3_574938_I2934L_A	Senegal	0.866071	0.133929	0	0	0	0	0	0	0	0	0	0	0	0	0	0	0	0	0	0	0	0	0	0	0	0	0	0
Pf3D7_07_v3_1044052_686K_A	Senegal	0.491071	0.508929	0	0	0	0	0	0	0	0	0	0	0	0	0	0	0	0	0	0	0	0	0	0	0	0	0	0
Pf3D7_07_v3_1066698_G483S_A	Senegal	0.00892857	0.0535714	0.107143	0.0625	0.598214	0.0446429	0.125	0	0	0	0	0	0	0	0	0	0	0	0	0	0	0	0	0	0	0	0	0
Pf3D7_07_v3_1213486_S543N_A	Senegal	0.0625	0.9375	0	0	0	0	0	0	0	0	0	0	0	0	0	0	0	0	0	0	0	0	0	0	0	0	0	0
Pf3D7_07_v3_1256331_L321F_A	Senegal	0.163043	0.836957	0	0	0	0	0	0	0	0	0	0	0	0	0	0	0	0	0	0	0	0	0	0	0	0	0	0
Pf3D7_07_v3_1308383_G1945R	Senegal	0.553571	0.392857	0.0357143	0.0178571	0	0	0	0	0	0	0	0	0	0	0	0	0	0	0	0	0	0	0	0	0	0	0	0
Pf3D7_07_v3_1358910	Senegal	0.410714	0.0803571	0.00892857	0.1875	0.294643	0.0178571	0	0	0	0	0	0	0	0	0	0	0	0	0	0	0	0	0	0	0	0	0	0
Pf3D7_07_v3_1359218_K388N_A	Senegal	0.392857	0.232143	0.214286	0.151786	0.00892857	0	0	0	0	0	0	0	0	0	0	0	0	0	0	0	0	0	0	0	0	0	0	0
Pf3D7_07_v3_461139	Senegal	0.153153	0.459459	0.297297	0.0900901	0	0	0	0	0	0	0	0	0	0	0	0	0	0	0	0	0	0	0	0	0	0	0	0
Pf3D7_07_v3_619957_675R_A	Senegal	0.321429	0.678571	0	0	0	0	0	0	0	0	0	0	0	0	0	0	0	0	0	0	0	0	0	0	0	0	0	0
Pf3D7_07_v3_635985_T598A	Senegal	0.018018	0.495495	0.432432	0.0540541	0	0	0	0	0	0	0	0	0	0	0	0	0	0	0	0	0	0	0	0	0	0	0	0
Pf3D7_07_v3_704373_389E	Senegal	0.544643	0.455357	0	0	0	0	0	0	0	0	0	0	0	0	0	0	0	0	0	0	0	0	0	0	0	0	0	0
Pf3D7_08_v3_1056829_L474I_A	Senegal	0.75	0.0803571	0.169643	0	0	0	0	0	0	0	0	0	0	0	0	0	0	0	0	0	0	0	0	0	0	0	0	0
Pf3D7_08_v3_1313202_799F_A	Senegal	0.330357	0.669643	0	0	0	0	0	0	0	0	0	0	0	0	0	0	0	0	0	0	0	0	0	0	0	0	0	0
Pf3D7_08_v3_1314831_1342K_A	Senegal	0.741071	0.0803571	0.0178571	0.160714	0	0	0	0	0	0	0	0	0	0	0	0	0	0	0	0	0	0	0	0	0	0	0	0
Pf3D7_08_v3_150033_1315I_A	Senegal	0.205357	0.705357	0.00892857	0.0803571	0	0	0	0	0	0	0	0	0	0	0	0	0	0	0	0	0	0	0	0	0	0	0	0
Pf3D7_08_v3_339406_1283C_A	Senegal	0.651786	0.348214	0	0	0	0	0	0	0	0	0	0	0	0	0	0	0	0	0	0	0	0	0	0	0	0	0	0
Pf3D7_08_v3_399774_421K_A	Senegal	0.223214	0.642857	0.00892857	0.125	0	0	0	0	0	0	0	0	0	0	0	0	0	0	0	0	0	0	0	0	0	0	0	0
Pf3D7_08_v3_413067_1044V_A	Senegal	0.00892857	0.366071	0.375	0.178571	0.0714286	0	0	0	0	0	0	0	0	0	0	0	0	0	0	0	0	0	0	0	0	0	0	0
Pf3D7_08_v3_417335_R244K_A	Senegal	0.955357	0.00892857	0.0357143	0	0	0	0	0	0	0	0	0	0	0	0	0	0	0	0	0	0	0	0	0	0	0	0	0
Pf3D7_08_v3_549993	Senegal	1	0	0	0	0	0	0	0	0	0	0	0	0	0	0	0	0	0	0	0	0	0	0	0	0	0	0	0
Pf3D7_09_v3_1379145_R398Q_A	Senegal	0.171171	0.0900901	0.684685	0.0540541	0	0	0	0	0	0	0	0	0	0	0	0	0	0	0	0	0	0	0	0	0	0	0	0
Pf3D7_09_v3_163977_403D_A	Senegal	0.205357	0.794643	0	0	0	0	0	0	0	0	0	0	0	0	0	0	0	0	0	0	0	0	0	0	0	0	0	0
Pf3D7_09_v3_452690_1018I	Senegal	0.776786	0.223214	0	0	0	0	0	0	0	0	0	0	0	0	0	0	0	0	0	0	0	0	0	0	0	0	0	0
Pf3D7_09_v3_599655_E654D_A	Senegal	0.0714286	0.928571	0	0	0	0	0	0	0	0	0	0	0	0	0	0	0	0	0	0	0	0	0	0	0	0	0	0
Pf3D7_09_v3_900277_1534E_A	Senegal	0.864865	0.135135	0	0	0	0	0	0	0	0	0	0	0	0	0	0	0	0	0	0	0	0	0	0	0	0	0	0
Pf3D7_10_v3_1383789_N114H	Senegal	0	0.696429	0.214286	0.0625	0.0267857	0	0	0	0	0	0	0	0	0	0	0	0	0	0	0	0	0	0	0	0	0	0	0
Pf3D7_10_v3_1385894_815P_A	Senegal	0.767857	0.232143	0	0	0	0	0	0	0	0	0	0	0	0	0	0	0	0	0	0	0	0	0	0	0	0	0	0
Pf3D7_10_v3_1386850_927K_A	Senegal	0.00892857	0.303571	0.669643	0.0178571	0	0	0	0	0	0	0	0	0	0	0	0	0	0	0	0	0	0	0	0	0	0	0	0
Pf3D7_10_v3_317581_311I_A	Senegal	0.607143	0.392857	0	0	0	0	0	0	0	0	0	0	0	0	0	0	0	0	0	0	0	0	0	0	0	0	0	0
Pf3D7_10_v3_336274_I1677V_A	Senegal	0.232143	0.767857	0	0	0	0	0	0	0	0	0	0	0	0	0	0	0	0	0	0	0	0	0	0	0	0	0	0
Pf3D7_10_v3_361684	Senegal	0.776786	0.223214	0	0	0	0	0	0	0	0	0	0	0	0	0	0	0	0	0	0	0	0	0	0	0	0	0	0
Pf3D7_11_v3_1006911_D124E_B	Senegal	0.936364	0.0636364	0	0	0	0	0	0	0	0	0	0	0	0	0	0	0	0	0	0	0	0	0	0	0	0	0	0
Pf3D7_11_v3_1018899_1199L_A	Senegal	0.357143	0.642857	0	0	0	0	0	0	0	0	0	0	0	0	0	0	0	0	0	0	0	0	0	0	0	0	0	0
Pf3D7_11_v3_1020397_G700E_A	Senegal	0.339286	0.660714	0	0	0	0	0	0	0	0	0	0	0	0	0	0	0	0	0	0	0	0	0	0	0	0	0	0
Pf3D7_11_v3_1294107_84A_A	Senegal	0.116071	0.669643	0.00892857	0.205357	0	0	0	0	0	0	0	0	0	0	0	0	0	0	0	0	0	0	0	0	0	0	0	0
Pf3D7_11_v3_1295068_E405K	Senegal	0.0357143	0.00892857	0.00892857	0.0892857	0.00892857	0.116071	0.00892857	0.00892857	0	0.0892857	0	0.00892857	0.107143	0.116071	0	0.0535714	0.214286	0.0357143	0.0267857	0.0267857	0.0267857	0.00892857	0	0	0	0	0	0
Pf3D7_11_v3_1802201_450S	Senegal	0	0.133929	0.866071	0	0	0	0	0	0	0	0	0	0	0	0	0	0	0	0	0	0	0	0	0	0	0	0	0
Pf3D7_11_v3_1815412_E765Q	Senegal	0.357143	0.642857	0	0	0	0	0	0	0	0	0	0	0	0	0	0	0	0	0	0	0	0	0	0	0	0	0	0
Pf3D7_11_v3_1935031_I139L	Senegal	0.0267857	0.919643	0.0535714	0	0	0	0	0	0	0	0	0	0	0	0	0	0	0	0	0	0	0	0	0	0	0	0	0
Pf3D7_11_v3_1935227_R73S_A	Senegal	0.857143	0.142857	0	0	0	0	0	0	0	0	0	0	0	0	0	0	0	0	0	0	0	0	0	0	0	0	0	0
Pf3D7_11_v3_408668	Senegal	0.0267857	0	0.544643	0.00892857	0	0.0178571	0	0.375	0.00892857	0.0178571	0	0	0	0	0	0	0	0	0	0	0	0	0	0	0	0	0	0
Pf3D7_11_v3_477922_H147Y_A	Senegal	0.678571	0.321429	0	0	0	0	0	0	0	0	0	0	0	0	0	0	0	0	0	0	0	0	0	0	0	0	0	0
Pf3D7_11_v3_828596_K240E_A	Senegal	0.883929	0.116071	0	0	0	0	0	0	0	0	0	0	0	0	0	0	0	0	0	0	0	0	0	0	0	0	0	0
Pf3D7_12_v3_1663492_1014E_A	Senegal	0.651786	0.348214	0	0	0	0	0	0	0	0	0	0	0	0	0	0	0	0	0	0	0	0	0	0	0	0	0	0
Pf3D7_12_v3_1667593_2381N_A	Senegal	0.567568	0.432432	0	0	0	0	0	0	0	0	0	0	0	0	0	0	0	0	0	0	0	0	0	0	0	0	0	0
Pf3D7_12_v3_1934745_241L_A	Senegal	0.553571	0.446429	0	0	0	0	0	0	0	0	0	0	0	0	0	0	0	0	0	0	0	0	0	0	0	0	0	0
Pf3D7_12_v3_857245_E50G_A	Senegal	0.758929	0.241071	0	0	0	0	0	0	0	0	0	0	0	0	0	0	0	0	0	0	0	0	0	0	0	0	0	0
Pf3D7_12_v3_858501_Q469K	Senegal	0.196429	0.803571	0	0	0	0	0	0	0	0	0	0	0	0	0	0	0	0	0	0	0	0	0	0	0	0	0	0
Pf3D7_12_v3_974663	Senegal	1	0	0	0	0	0	0	0	0	0	0	0	0	0	0	0	0	0	0	0	0	0	0	0	0	0	0	0
Pf3D7_13_v3_1056452_1234D	Senegal	0.178571	0.821429	0	0	0	0	0	0	0	0	0	0	0	0	0	0	0	0	0	0	0	0	0	0	0	0	0	0
Pf3D7_13_v3_1233218_N277S_A	Senegal	0.258929	0.741071	0	0	0	0	0	0	0	0	0	0	0	0	0	0	0	0	0	0	0	0	0	0	0	0	0	0
Pf3D7_13_v3_1419519	Senegal	0.00892857	0.0535714	0.0446429	0.0803571	0.00892857	0.107143	0.0714286	0.0267857	0	0.0446429	0	0.00892857	0.223214	0.116071	0.205357	0	0	0	0	0	0	0	0	0	0	0	0	0
Pf3D7_13_v3_1466422	Senegal	0.0178571	0.0178571	0.00892857	0.00892857	0.0178571	0.160714	0	0	0	0	0.0982143	0.00892857	0.0178571	0.116071	0.00892857	0.0625	0.0892857	0	0.0446429	0	0.0714286	0.0267857	0.0267857	0.00892857	0.0267857	0.00892857	0.00892857	0.142857
Pf3D7_13_v3_159086_21R	Senegal	0.657658	0.342342	0	0	0	0	0	0	0	0	0	0	0	0	0	0	0	0	0	0	0	0	0	0	0	0	0	0
Pf3D7_13_v3_1867630_M4911I	Senegal	0.1875	0.00892857	0	0.803571	0	0	0	0	0	0	0	0	0	0	0	0	0	0	0	0	0	0	0	0	0	0	0	0
Pf3D7_13_v3_2161975_D252V	Senegal	0.446429	0.553571	0	0	0	0	0	0	0	0	0	0	0	0	0	0	0	0	0	0	0	0	0	0	0	0	0	0
Pf3D7_13_v3_2377887_2002S_A	Senegal	0.160714	0.839286	0	0	0	0	0	0	0	0	0	0	0	0	0	0	0	0	0	0	0	0	0	0	0	0	0	0
Pf3D7_13_v3_2573828_I1153M	Senegal	0.857143	0.142857	0	0	0	0	0	0	0	0	0	0	0	0	0	0	0	0	0	0	0	0	0	0	0	0	0	0
Pf3D7_13_v3_388365_S1236R	Senegal	0.214286	0.785714	0	0	0	0	0	0	0	0	0	0	0	0	0	0	0	0	0	0	0	0	0	0	0	0	0	0
Pf3D7_14_v3_107014_215K	Senegal	0.0178571	0.339286	0.580357	0.0625	0	0	0	0	0	0	0	0	0	0	0	0	0	0	0	0	0	0	0	0	0	0	0	0
Pf3D7_14_v3_137622_1179V_A	Senegal	0.455357	0.544643	0	0	0	0	0	0	0	0	0	0	0	0	0	0	0	0	0	0	0	0	0	0	0	0	0	0
Pf3D7_14_v3_1757603_D1365G	Senegal	0.5625	0.4375	0	0	0	0	0	0	0	0	0	0	0	0	0	0	0	0	0	0	0	0	0	0	0	0	0	0
Pf3D7_14_v3_2164225_2830S_B	Senegal	0.732143	0.267857	0	0	0	0	0	0	0	0	0	0	0	0	0	0	0	0	0	0	0	0	0	0	0	0	0	0
Pf3D7_14_v3_2355751_H1589Q	Senegal	0.0357143	0.491071	0.196429	0.276786	0	0	0	0	0	0	0	0	0	0	0	0	0	0	0	0	0	0	0	0	0	0	0	0
Pf3D7_14_v3_2625887_M238I_A	Senegal	0.714286	0.285714	0	0	0	0	0	0	0	0	0	0	0	0	0	0	0	0	0	0	0	0	0	0	0	0	0	0
Pf3D7_14_v3_2733656_557C_A	Senegal	0.410714	0.589286	0	0	0	0	0	0	0	0	0	0	0	0	0	0	0	0	0	0	0	0	0	0	0	0	0	0
Pf3D7_14_v3_3046108_417V_A	Senegal	0.5	0.5	0	0	0	0	0	0	0	0	0	0	0	0	0	0	0	0	0	0	0	0	0	0	0	0	0	0
Pf3D7_14_v3_3126219	Senegal	0	0	0	0.00892857	0.0178571	0.0535714	0	0.0178571	0.25	0.0446429	0.0178571	0	0.0892857	0.3125	0.0892857	0.0803571	0.00892857	0.00892857	0	0	0	0	0	0	0	0	0	0
Pf3D7_14_v3_438592_N348T_A	Senegal	0.955357	0.0446429	0	0	0	0	0	0	0	0	0	0	0	0	0	0	0	0	0	0	0	0	0	0	0	0	0	0
Pf_PF3D7_1447900_Pf3D7_14_v	Senegal	0.589286	0.410714	0	0	0	0	0	0	0	0	0	0	0	0	0	0	0	0	0	0	0	0	0	0	0	0	0	0
Pf_PF3D7_1460900-1_Pf3D7_14	Senegal	0.15534	0.84466	0	0	0	0	0	0	0	0	0	0	0	0	0	0	0	0	0	0	0	0	0	0	0	0	0	0
PlasIV_ref	Senegal	0.491071	0.508929	0	0	0	0	0	0	0	0	0	0	0	0	0	0	0	0	0	0	0	0	0	0	0	0	0	0
W1421_Pf3D7_14_v3_289610_T4	Senegal	0.0277778	0.0277778	0	0.0277778	0.0555556	0.111111	0.0277778	0.555556	0	0.0555556	0.111111	0	0	0	0	0	0	0	0	0	0	0	0	0	0	0	0	0
